0	1960	270	1	13	1
7	336	304	2	2	2
7	352	304	2	2	2
7	368	304	2	2	2
7	416	272	2	2	1
7	432	272	2	2	1
7	448	272	2	2	1
7	768	304	2	5	2
7	784	304	2	5	2
7	800	304	2	5	2
7	848	272	2	5	1
7	864	272	2	5	1
7	880	272	2	5	1
7	1328	288	2	8	1
7	1344	288	2	8	1
7	1360	288	2	9	1
7	1504	272	2	10	1
7	1504	320	2	10	2
7	1504	288	2	10	1
7	1504	304	2	10	2
7	1504	336	2	10	2
7	1504	384	2	10	2
7	1504	352	2	10	2
7	1504	368	2	10	2
7	1888	304	2	12	2
7	1904	304	2	12	2
7	1920	304	2	12	2
4	0	352	0	160	80	0	0	2
4	2032	240	0	16	160	0	13	1
4	1968	368	0	46	32	0	13	2
4	1920	400	0	128	32	0	12	2
4	0	0	0	0.1	432	0	0	0
4	0	0	0	2048	0.1	0	0	0
4	2048	0	0	0.1	432	0	13	0
4	1936	336	0	32	64	0	12	2
4	2064	0	0	0.1	432	0	13	0
4	2064	416	0	512	16	0	13	2
4	2192	384	0	32	32	0	14	2
4	2576	0	0	0.1	432	0	17	0
4	2064	0	0	512	0.1	0 	13	0
5	0	240	0	176	208	0	0	1
5	2100	240	0	176	208	1	14	1
6	0	0	0	2048	432	0	0	0	0
6	2064	0	0	512	432	1	0	13	0
50	2003	258	0	2020	270	2	1984	278	13	1
1	224	352	3	0	3	0	0	1	2
1	240	352	3	0	3	0	0	1	2
1	256	352	3	0	3	0	0	1	2
1	272	352	3	0	3	0	0	1	2
1	384	336	3	0	3	0	0	2	2
1	400	336	3	0	3	0	0	2	2
1	416	336	3	0	3	0	0	2	2
1	432	336	3	0	3	0	0	2	2
1	448	336	3	0	3	0	0	2	2
1	608	288	3	0	3	0	0	4	1
1	624	288	3	0	3	0	0	4	1
1	640	288	3	0	0	1	1	4	1
1	656	288	3	0	3	0	0	4	1
1	640	368	3	0	3	0	0	4	2
1	656	368	3	0	3	0	0	4	2
1	752	320	3	0	3	0	0	5	2
1	752	336	3	0	3	0	0	5	2
1	752	352	3	0	3	0	0	5	2
1	752	368	3	0	3	0	0	5	2
1	768	368	3	0	3	0	0	5	2
1	784	368	3	0	3	0	0	5	2
1	800	368	3	0	3	0	0	5	2
1	864	336	3	0	3	0	0	5	2
1	864	352	3	0	3	0	0	5	2
1	864	368	3	0	3	0	0	5	2
1	864	384	3	0	3	0	0	5	2
1	880	384	3	0	3	0	0	5	2
1	896	384	3	0	3	0	0	5	2
1	944	336	3	0	3	0	0	6	2
1	944	352	3	0	3	0	0	6	2
1	960	352	3	0	4	1	1	6	2
1	960	400	3	0	3	0	0	6	2
1	976	400	3	0	3	0	0	6	2
1	992	400	3	0	3	0	0	6	2
1	1008	400	3	0	3	0	0	6	2
1	1008	352	3	0	2	11	1	6	2
1	1024	352	3	0	3	0	0	6	2
1	1040	352	3	0	3	0	0	6	2
1	1056	352	3	0	3	0	0	7	2
1	1072	352	3	0	3	0	0	7	2
1	1152	384	3	0	3	0	0	7	2
1	1168	384	3	0	3	0	0	7	2
1	1184	384	3	0	3	0	0	7	2
1	1200	384	3	0	3	0	0	8	2
1	1216	384	3	0	3	0	0	8	2
1	1184	304	3	0	3	0	0	7	2
1	1200	304	3	0	3	0	0	8	2
1	1216	304	3	0	3	0	0	8	2
1	1232	304	3	0	3	0	0	8	2
1	1232	288	3	0	0	1	1	8	1
1	1264	368	3	0	3	0	0	8	2
1	1280	368	3	0	3	0	0	8	2
1	1392	304	3	0	3	0	0	9	2
1	1408	304	3	0	3	0	0	9	2
1	1424	304	3	0	3	0	0	9	2
1	1536	304	3	0	3	0	0	10	2
1	1536	288	3	0	2	8	1	10	1
1	1536	368	3	0	3	0	0	10	2
1	1536	384	3	0	3	0	0	10	2
1	1536	400	3	0	3	0	0	10	2
1	1552	400	3	0	3	0	0	10	2
1	1568	400	3	0	3	0	0	10	2
1	1584	400	3	0	3	0	0	10	2
1	1728	288	3	0	3	0	0	11	1
1	1728	304	3	0	3	0	0	11	2
1	1728	320	3	0	3	0	0	11	2
1	1776	368	3	0	3	0	0	11	2
1	1792	368	3	0	3	0	0	11	2
1	1808	368	3	0	3	0	0	12	2
3	1870	292	7	0	1	2	255	385	12	1
3	1984	340	7	0	0	1	1968	2000	13	2
3	1070	320	7	0	0	1	1008	1072	7	2
41	1940	330	0	20	2	1	12	2
42	1940	380	0	20	2	1	2200	356	12	2
40	1936	336	20	5	12	2
40	2192	384	20	2	14	2
23	368	320	23	0	2	2
23	560	352	23	0	3	2
23	592	304	23	0	3	2
23	752	336	23	0	5	2
23	1088	384	23	0	7	2
23	1200	320	23	0	8	2
23	1376	352	23	0	9	2
23	1408	336	23	0	9	2
23	1552	304	23	0	10	2
23	1744	384	23	0	11	2
23	1776	336	23	0	11	2
23	1792	416	23	0	11	2
