0	48	64	1	0	0
4	78	31	0	146	1	0	0	0
4	47	32	0	32	32	0	0	0
4	31	80	0	48	96	0	0	0
4	47	64	0	1	16	0	0	0
4	96	48	0	48	48	0	0	0
4	224	32	0	1	142	0	1	0
4	80	176	0	80	1	0	0	1
4	160	144	0	64	32	0	1	0
4	160	80	0	64	48	0	1	0
4	160	48	0	48	16	0	1	0
4	96	144	0	48	16	0	0	0
4	112	112	0	48	16	0	0	0
4	96	112	0	16	32	0	0	0
4	79	80	0	16	1	0	0	0
15	131	32	0	3	16	1	0	0
15	160	32	0	3	16	1	1	0
15	192	32	0	3	16	1	1	0
15	192	64	0	3	16	1	1	0
15	131	160	0	3	16	1	0	1
15	128	96	0	3	16	1	0	0
15	160	128	0	3	16	1	1	0
15	196	128	0	3	16	1	1	0
15	114	32	0	3	16	2	0	0
15	142	32	0	3	16	2	0	0
15	175	32	0	3	16	2	1	0
15	175	64	0	3	16	2	1	0
15	111	96	0	3	16	2	0	0
15	114	160	0	3	16	2	0	1
15	179	128	0	3	16	2	1	0
15	143	128	0	3	16	2	0	0
15	144	61	0	16	3	3	0	0
15	80	94	0	16	3	3	0	0
15	80	130	0	16	3	3	0	0
15	144	80	0	16	3	4	0	0
15	80	112	0	16	3	4	0	0
15	80	147	0	16	3	4	0	0
5	0	0	0	260	224	0	0	0
6	0	0	0	320	260	0	0	0	0
49	80	32	0	96	48	1	30	360	0	0
49	176	64	0	192	80	2	32	320	1	0
21	32	32	21	0	0
21	48	32	21	0	0
21	64	32	21	0	0
21	32	48	21	0	0
21	48	48	21	0	0
21	64	48	21	0	0
21	32	80	21	0	0
21	48	80	21	0	0
21	64	80	21	0	0
21	32	96	21	0	0
21	48	96	21	0	0
21	64	96	21	0	0
21	96	48	21	0	0
21	112	48	21	0	0
21	128	48	21	0	0
21	96	64	21	0	0
21	112	64	21	0	0
21	128	64	21	0	0
21	96	80	21	0	0
21	112	80	21	0	0
21	128	80	21	0	0
21	112	112	21	0	0
21	128	112	21	0	0
21	144	112	21	0	0
21	160	48	21	1	0
21	176	48	21	1	0
21	192	48	21	1	0
21	160	80	21	1	0
21	176	80	21	1	0
21	192	80	21	1	0
21	208	80	21	1	0
21	224	80	21	1	0
21	240	80	21	1	0
21	160	96	21	1	0
21	176	96	21	1	0
21	32	112	21	0	0
21	224	32	21	1	0
21	240	32	21	1	0
21	224	48	21	1	0
21	240	48	21	1	0
21	224	64	21	1	0
21	240	64	21	1	0
21	240	144	21	1	0
21	240	96	21	1	0
21	240	112	21	1	0
21	240	128	21	1	0
21	240	160	21	1	1