-1	27	176	27	39	1053
1
1
1
1
1
1
1
1
1
1
1
1
1
1
1
1
1
1
1
1
1
1
1
1
1
1
1
1
1
1
1
1
1
1
1
1
1
1
1
1
1
1
2
1
1
1
3
4
1
1
5
1
1
1
1
1
1
1
1
1
1
1
1
1
1
1
1
1
1
1
1
1
1
1
1
1
1
1
1
1
1
1
1
1
1
1
1
1
1
1
1
1
1
1
1
1
1
1
1
1
1
1
1
1
1
1
1
1
1
1
1
1
1
1
1
1
1
1
1
1
6
7
8
7
1
1
1
1
1
1
1
1
1
1
1
1
1
1
1
1
1
1
1
1
1
1
1
1
9
10
11
1
12
13
14
15
16
16
16
16
16
16
16
16
16
16
16
16
16
16
16
16
16
16
16
16
1
1
1
1
1
1
3
17
7
1
1
1
1
1
1
1
18
1
1
1
3
17
7
1
1
1
1
1
1
1
1
1
1
1
1
1
1
1
1
1
1
19
20
21
1
1
22
23
24
25
26
27
18
1
1
1
1
1
1
1
1
1
1
1
1
1
1
1
1
1
1
1
1
1
1
1
1
1
1
1
1
1
1
1
3
17
1
1
1
1
1
1
1
1
1
1
1
1
1
1
1
4
28
1
1
1
1
1
1
1
1
1
1
1
1
1
1
1
1
29
30
31
32
33
1
1
1
1
1
1
1
1
1
1
1
1
1
1
1
1
1
1
1
1
1
1
1
1
1
34
35
1
1
36
37
15
16
16
16
16
16
16
16
16
16
16
16
16
16
16
16
16
16
16
16
16
1
1
1
1
1
1
38
39
40
1
1
1
1
1
1
41
42
43
1
1
44
45
46
1
1
1
1
1
1
1
1
1
1
1
1
1
3
4
47
1
1
48
49
1
1
1
3
50
1
48
51
52
53
54
1
1
1
1
1
1
1
1
1
1
1
1
1
1
1
1
1
1
1
1
1
1
1
1
3
17
1
1
1
1
55
56
57
1
1
1
1
1
1
1
1
1
1
1
1
1
58
59
60
1
1
1
1
1
1
1
1
1
1
1
1
1
1
1
1
1
61
1
62
63
1
1
1
1
1
1
1
1
1
1
1
1
1
1
1
1
1
1
1
1
1
1
1
1
1
1
1
1
1
1
64
15
16
16
16
16
16
16
16
16
16
16
16
16
16
16
16
16
16
16
16
16
1
1
1
1
1
1
1
34
1
1
1
1
1
1
65
1
66
1
1
1
1
67
3
17
7
1
1
1
1
1
1
1
1
1
1
1
68
69
70
71
1
1
1
1
1
1
22
72
73
1
1
1
74
1
1
1
1
1
1
1
18
1
1
1
1
1
1
1
1
1
1
1
1
1
1
1
1
1
75
76
77
1
1
1
1
78
1
1
1
1
1
1
1
1
79
7
1
1
1
1
1
34
35
1
1
80
28
1
81
7
1
1
1
1
1
1
1
1
1
1
1
1
1
1
1
1
1
1
1
1
1
1
1
1
1
1
1
1
1
1
1
1
1
1
1
1
1
1
1
1
1
1
1
1
64
15
16
16
16
16
16
16
16
16
16
16
16
16
16
16
16
16
16
16
16
16
1
1
1
1
1
1
1
1
1
1
1
1
1
82
83
84
85
86
87
17
7
1
88
89
90
1
1
1
1
1
1
1
1
1
1
1
1
34
91
1
1
1
1
1
1
1
1
78
1
1
1
1
1
1
1
1
1
1
1
92
93
94
1
1
1
1
1
1
1
1
1
1
1
1
1
1
1
1
1
74
1
1
1
1
1
1
1
1
1
1
1
1
1
95
96
97
1
1
1
1
1
1
1
1
58
98
99
100
101
102
1
1
1
1
1
1
6
7
1
1
1
1
1
1
1
1
1
1
1
1
1
1
1
1
1
1
1
1
1
4
7
1
1
1
1
1
1
1
1
1
1
1
1
1
64
15
16
16
16
16
16
16
16
16
16
16
16
16
16
16
16
16
16
16
16
16
1
1
1
1
1
1
1
1
1
1
1
1
1
48
62
35
74
82
103
104
105
1
1
67
1
1
1
1
1
1
1
1
1
1
1
1
1
1
1
1
1
1
1
1
1
1
1
1
1
1
1
1
1
1
1
1
1
1
1
1
74
1
1
1
1
1
1
1
1
1
1
1
1
1
1
1
1
1
1
1
1
1
1
1
1
1
1
1
1
1
1
4
106
107
108
109
1
1
1
1
1
1
1
1
1
34
35
1
61
1
1
1
1
1
1
110
111
112
1
1
1
1
1
1
1
1
1
1
1
1
1
1
1
1
1
1
1
1
113
114
115
1
1
1
1
1
1
1
1
1
1
1
1
1
64
15
16
16
16
16
16
16
16
16
16
16
16
16
16
16
16
16
16
16
16
16
1
1
1
1
1
1
1
1
1
1
1
1
1
1
1
1
1
48
116
117
1
1
1
1
1
1
1
1
1
1
1
1
1
1
1
1
1
1
1
1
1
1
1
1
1
1
1
1
1
1
1
1
1
1
1
1
1
1
1
1
1
1
1
1
1
1
1
1
3
17
1
1
1
1
1
1
1
1
1
1
1
1
1
1
1
1
1
1
1
1
118
119
120
121
122
123
1
1
1
1
1
1
1
1
1
1
1
1
1
1
1
1
1
1
1
1
61
1
1
1
1
1
1
1
1
1
1
1
1
1
1
1
124
7
1
1
1
1
1
36
35
125
126
7
1
1
1
1
1
1
1
1
1
1
64
15
16
16
16
16
16
16
16
16
16
16
16
16
16
16
16
16
16
16
16
16
1
1
1
1
1
1
1
1
1
1
1
1
1
1
1
1
1
1
1
1
1
1
1
1
1
1
1
1
1
1
1
1
1
1
1
1
1
1
1
1
1
1
1
1
1
1
1
1
1
1
1
1
1
1
1
1
1
1
1
1
1
1
1
1
1
1
1
1
75
127
128
1
1
1
129
1
130
1
1
1
1
1
1
1
1
1
1
1
1
1
1
67
35
1
131
132
1
1
1
1
1
1
1
1
1
1
1
1
1
1
1
1
1
1
1
1
1
1
1
1
1
1
1
1
1
1
1
1
1
1
1
133
134
135
1
1
1
1
1
1
136
137
138
139
1
1
1
1
1
1
1
1
1
1
64
15
16
16
16
16
16
16
16
16
16
16
16
16
16
16
16
16
16
16
16
16
1
1
1
1
1
1
1
1
1
1
1
1
1
1
1
1
1
1
1
1
1
1
1
1
1
1
1
1
1
1
1
1
1
1
1
1
1
1
1
1
1
1
1
1
1
1
1
1
1
1
1
1
1
1
1
1
1
1
1
1
1
1
1
1
1
1
1
1
1
78
1
1
1
140
141
142
143
144
1
1
1
3
145
146
147
148
149
17
28
1
1
1
1
1
1
1
1
1
1
1
1
1
1
1
1
1
1
1
1
1
1
1
1
1
1
1
1
1
1
1
6
7
1
1
1
1
1
1
1
1
1
1
150
1
1
1
1
1
1
1
151
152
153
154
1
1
1
1
1
1
1
4
7
1
64
15
16
16
16
16
16
16
16
16
16
16
16
16
16
16
16
16
16
16
16
16
1
1
1
1
1
1
1
1
1
1
1
1
1
1
1
1
1
1
1
1
1
1
1
1
1
1
1
1
1
1
1
1
1
1
1
1
1
1
1
1
1
1
1
1
1
1
1
1
1
1
1
1
1
1
1
1
1
1
1
1
1
1
1
1
1
1
1
1
1
1
1
1
1
48
155
1
74
1
1
1
1
156
157
158
159
160
161
162
163
1
1
1
1
1
1
1
1
1
1
1
1
1
1
1
1
1
1
1
1
1
1
1
1
1
1
1
1
1
1
29
30
164
1
1
1
1
1
1
1
1
1
1
1
1
1
1
1
1
1
1
151
165
166
167
1
1
1
1
1
1
12
168
169
1
64
15
16
16
16
16
16
16
16
16
16
16
16
16
16
16
16
16
16
16
16
16
1
1
1
1
1
1
1
1
1
1
1
1
1
1
1
1
1
1
1
1
1
1
1
1
1
1
1
1
1
1
1
1
1
1
1
1
1
1
1
1
1
1
1
1
1
1
1
1
1
1
1
1
1
1
1
1
1
1
1
1
1
1
1
1
1
1
1
1
1
1
1
1
1
1
1
1
1
1
1
1
1
170
171
172
173
174
175
176
35
1
1
1
1
177
178
178
178
178
178
178
178
178
178
178
178
179
7
1
1
1
1
1
1
1
1
1
1
1
1
1
61
1
1
1
1
1
1
1
1
1
1
1
1
1
1
1
1
1
1
1
151
165
180
167
1
1
1
1
1
1
1
34
35
1
64
15
16
16
16
16
16
16
16
16
16
16
16
16
16
16
16
16
16
16
16
16
1
1
1
1
1
1
1
1
1
1
1
1
1
1
1
1
1
1
1
1
1
1
1
1
1
1
1
1
1
1
1
1
1
1
1
1
1
1
1
1
1
1
1
1
1
1
1
1
1
1
1
1
1
1
1
1
1
1
1
1
1
1
1
1
1
1
1
1
1
1
1
1
1
1
1
1
1
1
1
1
1
181
182
183
184
185
186
187
188
178
178
179
189
190
191
192
193
194
195
196
197
198
199
200
201
202
203
1
1
1
1
1
1
1
1
1
1
1
1
1
1
1
1
1
1
1
1
1
1
1
1
1
1
1
1
1
1
1
1
1
151
165
180
167
1
1
1
1
1
1
1
1
1
1
64
15
16
16
16
16
16
16
16
16
16
16
16
16
16
16
16
16
16
16
16
16
1
1
1
1
1
1
1
1
1
1
1
1
1
1
1
1
1
1
1
1
1
1
1
1
1
1
1
1
1
1
1
1
1
1
1
1
1
1
1
1
1
1
1
1
1
1
1
1
1
1
1
1
1
1
1
1
1
1
1
1
1
1
1
1
1
1
1
1
1
1
1
1
1
1
1
1
1
1
1
1
1
1
204
1
1
1
205
206
207
208
209
210
211
212
212
212
212
212
212
213
212
212
212
212
212
212
132
1
1
1
1
1
1
1
1
1
1
1
1
1
1
1
1
1
1
1
1
1
1
1
1
1
1
1
1
1
1
1
1
1
151
165
180
167
1
1
1
1
1
1
1
1
1
1
64
15
16
16
16
16
16
16
16
16
16
16
16
16
16
16
16
16
16
16
16
16
1
1
1
1
1
1
1
1
1
1
1
1
1
1
1
1
1
1
1
1
1
1
1
1
1
1
1
1
1
1
1
1
1
1
1
1
1
1
1
1
1
1
1
1
1
1
1
1
1
1
1
1
1
1
1
1
1
1
1
1
1
1
1
1
1
1
1
1
1
1
1
1
1
1
1
1
1
1
1
1
1
1
1
1
1
1
1
1
212
212
212
212
132
1
1
1
1
1
1
1
1
1
1
1
1
1
1
1
1
1
1
1
1
1
1
1
1
1
1
1
1
1
1
1
1
1
1
1
1
1
1
1
1
1
1
1
1
1
1
1
151
165
180
167
1
1
1
1
1
1
1
1
1
1
64
15
16
16
16
16
16
16
16
16
16
16
16
16
16
16
16
16
16
16
16
16
1
1
1
1
1
1
1
1
1
1
1
1
1
1
1
1
1
1
1
1
1
1
1
1
1
1
1
1
1
1
1
1
1
1
1
1
1
1
1
1
1
1
1
1
1
1
1
1
1
1
1
1
1
1
1
1
1
1
1
1
1
1
1
1
1
1
1
1
1
1
1
1
1
1
1
1
1
1
1
1
1
1
1
1
1
1
1
1
1
1
1
1
1
1
1
1
1
1
1
1
1
1
1
1
1
1
1
1
1
1
1
1
1
1
1
1
1
1
1
1
1
1
1
1
1
1
1
1
1
1
1
1
1
1
1
1
1
1
1
1
151
165
180
167
1
1
1
1
1
1
1
1
1
1
64
15
16
16
16
16
16
16
16
16
16
16
16
16
16
16
16
16
16
16
16
16
1
1
1
1
1
1
1
1
1
1
1
1
1
1
1
1
1
1
1
1
214
215
216
1
1
1
1
1
1
1
1
1
1
1
1
1
1
1
1
1
1
1
1
1
1
1
1
1
1
1
1
1
1
1
1
1
1
1
1
1
1
1
1
1
1
1
1
1
1
1
1
1
1
1
1
1
1
1
1
1
1
1
1
1
1
1
1
1
1
1
1
1
1
1
1
1
1
1
1
1
1
1
1
1
1
1
1
1
1
1
1
1
1
1
1
1
1
1
1
1
1
1
1
1
1
1
1
1
1
1
1
1
1
1
1
1
1
1
1
1
151
165
180
167
1
1
1
1
1
1
1
1
1
1
64
15
16
16
16
16
16
16
16
16
16
16
16
16
16
16
16
16
16
16
16
16
1
1
1
1
1
1
1
217
215
215
218
1
1
1
1
1
1
1
1
219
220
221
222
223
1
1
1
1
1
1
1
1
1
1
1
1
1
1
1
1
224
225
226
1
1
1
1
1
1
1
1
1
1
1
1
1
1
1
1
1
1
1
1
1
1
1
1
1
1
1
1
1
1
214
215
226
1
1
1
1
1
1
1
1
1
1
1
1
1
1
1
1
1
1
1
1
1
1
1
1
1
1
1
227
228
229
229
230
7
1
1
1
1
1
1
1
1
1
1
1
1
1
1
1
1
1
1
1
1
1
1
1
1
1
1
1
231
232
231
233
234
165
180
167
1
1
1
1
1
1
1
1
1
1
64
15
16
16
16
16
16
16
16
16
16
16
16
16
16
16
16
16
16
16
16
16
1
1
1
1
1
1
219
235
236
237
238
223
1
1
1
1
1
1
1
239
240
241
242
243
1
1
1
1
1
1
1
1
1
1
1
1
1
1
1
244
245
246
247
248
1
1
1
1
1
1
1
1
1
1
1
1
1
1
1
1
1
1
1
1
1
1
1
1
1
1
1
1
249
250
251
252
253
1
1
1
1
1
1
1
1
1
1
1
1
1
1
1
1
1
1
1
1
1
1
1
1
1
1
254
255
256
257
258
259
1
1
1
1
1
1
1
1
1
1
1
1
1
1
1
1
1
1
1
1
1
1
1
1
1
1
260
261
262
263
264
265
165
166
167
1
266
267
230
7
1
268
269
7
1
64
15
16
16
16
16
16
16
16
16
16
16
16
16
16
16
16
16
16
16
16
16
1
1
1
1
1
1
239
270
271
272
273
243
1
1
1
1
1
1
1
1
274
275
276
1
1
1
1
1
1
1
1
3
277
278
277
279
280
1
1
281
282
283
284
285
1
214
286
215
215
226
1
1
1
1
1
1
1
1
1
1
1
1
1
1
1
1
1
1
1
1
1
1
281
287
288
289
290
1
1
1
1
1
1
1
1
1
1
1
1
1
1
1
1
1
1
1
1
1
1
1
1
1
1
291
292
293
294
295
296
1
1
1
1
1
1
1
1
1
1
1
1
1
1
1
1
1
1
1
1
1
1
1
1
1
1
297
298
299
300
301
302
303
304
167
1
305
306
307
259
308
309
310
311
7
64
15
16
16
16
16
16
16
16
16
16
16
16
16
16
16
16
16
16
16
16
16
1
1
1
1
1
1
1
274
312
275
276
1
1
1
1
1
1
1
1
1
1
1
1
1
1
1
1
1
1
1
1
313
314
315
316
317
318
319
1
1
320
321
322
1
249
323
324
325
326
327
253
1
1
1
1
1
1
1
1
1
1
1
1
1
1
1
1
1
1
1
1
1
1
328
329
330
1
1
1
1
1
1
3
331
332
332
332
332
332
331
333
1
1
1
1
1
1
1
1
1
1
1
1
334
335
335
335
336
35
1
1
1
1
1
1
1
1
1
1
1
1
1
1
1
1
1
1
1
1
1
1
1
1
1
1
337
338
299
339
301
340
341
342
343
1
344
345
346
347
348
349
350
351
352
64
15
16
16
16
16
16
16
16
16
16
16
16
16
16
16
16
16
16
16
16
16
1
1
1
1
1
1
1
1
1
1
1
1
1
1
1
1
3
353
332
354
355
1
1
1
1
1
1
1
3
356
146
357
358
359
359
360
361
1
1
1
1
1
1
1
281
362
363
364
365
366
290
1
1
1
1
367
368
1
1
1
1
1
1
1
1
1
1
1
1
1
1
1
1
1
1
1
1
1
1
1
1
1
369
370
371
371
371
371
371
372
373
374
1
1
375
376
28
1
1
1
1
1
1
1
1
1
1
1
1
1
1
1
1
1
1
1
1
1
1
1
1
1
1
1
1
1
1
1
1
1
1
1
1
1
1
337
338
299
339
301
377
378
379
63
1
380
381
276
35
382
383
384
385
386
64
15
16
16
16
16
16
16
387
388
389
16
16
16
16
16
16
16
16
16
16
16
1
1
390
391
1
1
1
1
1
1
1
1
1
1
1
1
392
393
394
395
396
397
1
1
1
1
1
1
398
399
400
401
402
403
359
360
404
1
1
1
1
1
1
1
1
328
405
405
406
330
1
1
407
408
409
410
411
412
413
1
414
368
1
1
1
1
1
1
1
1
1
1
1
1
1
1
1
1
1
1
3
145
415
416
417
417
418
419
420
421
422
423
1
424
425
426
427
1
1
1
1
1
1
1
1
1
1
1
1
1
1
1
1
1
1
1
1
1
1
1
1
1
1
1
1
1
1
1
1
1
1
1
1
1
1
297
338
299
339
301
377
1
1
1
1
1
1
1
428
429
430
431
432
386
64
15
16
16
16
16
16
16
433
434
435
16
16
16
16
16
16
16
16
16
16
16
1
436
437
438
439
391
440
391
1
1
1
1
1
1
3
441
442
443
420
444
445
446
447
448
449
231
232
232
450
451
452
452
453
454
359
360
404
1
1
1
1
1
1
1
1
1
1
1
1
1
1
455
456
457
458
459
460
461
462
463
464
465
466
1
1
1
1
1
1
1
1
1
1
1
1
1
1
1
1
1
467
468
469
470
471
471
472
473
474
475
422
423
1
1
378
476
63
1
1
1
477
28
1
1
477
28
1
1
1
1
1
1
1
1
1
1
125
478
28
479
480
7
1
1
1
1
1
1
1
1
1
1
1
1
481
482
483
299
339
301
377
484
485
7
1
1
1
308
486
487
488
489
490
491
64
15
16
16
16
16
16
16
433
492
493
389
16
16
16
16
16
16
16
16
16
16
494
495
496
497
498
499
500
501
502
1
1
1
1
1
503
504
505
506
507
508
445
509
510
511
512
513
514
515
516
517
518
452
519
520
521
522
523
524
280
1
1
1
525
526
526
526
527
527
1
1
1
528
529
530
531
532
533
534
535
536
537
538
539
540
1
541
527
1
1
1
1
1
1
1
1
1
1
1
3
542
543
544
545
545
545
546
452
547
548
549
422
423
1
1
1
1
1
1
1
550
551
552
1
553
554
555
28
1
1
1
1
1
556
478
28
557
558
559
560
561
562
563
1
1
1
1
1
1
1
1
1
1
1
564
565
566
567
568
569
301
570
571
572
573
1
232
126
574
575
576
577
578
579
580
581
15
16
16
16
16
16
16
433
16
582
583
16
16
16
16
16
16
16
584
585
586
587
588
589
590
591
592
593
594
595
596
526
597
598
1
599
600
452
601
602
603
445
604
605
606
607
608
299
299
299
609
610
611
612
613
613
614
615
616
617
618
619
620
621
622
623
624
625
626
627
628
629
630
631
632
633
634
635
636
637
638
639
640
641
642
643
644
645
646
7
1
1
1
1
1
541
526
527
1
647
648
649
650
651
651
652
653
654
655
656
657
422
423
1
1
1
1
1
1
658
659
660
661
1
662
663
664
665
28
666
667
527
668
669
670
671
672
673
674
675
676
677
678
679
1
1
1
1
1
1
1
680
1
1
681
682
452
683
684
685
686
302
687
688
689
690
691
692
693
694
695
696
697
698
699
700
15
16
16
16
16
16
16
433
16
701
702
389
16
16
16
16
16
16
703
704
705
706
707
708
709
710
711
712
713
714
715
716
717
718
719
720
721
722
723
724
725
726
727
728
729
730
731
732
733
734
735
736
737
738
739
740
741
742
743
744
745
746
747
748
749
750
751
752
753
754
755
756
757
758
759
760
761
762
763
764
765
766
767
768
769
770
771
772
773
774
1
1
3
775
776
777
778
779
780
781
782
783
784
785
786
787
788
789
790
791
792
793
794
795
796
28
1
775
797
798
799
800
661
1
662
801
802
803
804
805
806
807
808
809
810
811
812
813
814
815
816
817
818
819
820
820
820
820
820
820
821
822
820
820
823
824
825
826
827
828
829
830
831
832
833
834
835
836
837
838
839
840
841
842
843
844
845
846
847
847
847
847
848
849
850
847
851
852
847
847
847
847
853
854
855
856
857
858
859
860
861
862
863
864
865
866
867
868
869
870
871
872
873
874
875
876
877
878
879
880
881
882
883
884
885
886
887
888
889
890
891
892
893
894
895
896
897
898
899
900
901
902
903
904
905
906
907
908
909
910
911
912
913
914
915
916
917
918
919
920
921
922
923
924
925
926
1
1
927
928
929
930
931
932
933
934
935
936
937
938
939
940
941
942
943
944
945
946
947
948
949
950
951
952
953
954
955
956
957
1
958
959
960
961
962
963
964
965
966
967
968
969
970
971
972
973
974
975
976
977
978
979
980
981
982
983
984
985
986
987
988
989
990
991
992
993
994
995
996
997
998
999
1000
1001
1002
1003
1004
1005
1006
1007
1008
1009
1010
1011
1012
1013
1014
1015
1016
1017
1018
1019
1020
1021
1022
1023
1024
1025
1026
1027
1028
1029
1030
