-4	16	27	11	6	66
1
2
2
2
2
2
2
2
2
2
2
2
2
2
2
3
4
5
5
5
5
5
5
5
5
5
5
5
5
5
5
6
7
8
8
8
9
9
9
9
9
9
9
9
8
8
8
10
7
8
8
11
12
13
13
14
15
13
13
16
17
8
8
10
7
8
8
18
19
20
20
21
22
20
20
23
24
8
8
10
7
8
8
25
26
27
27
28
29
27
27
30
31
8
8
10
7
8
8
25
26
27
27
32
32
27
27
30
31
8
8
10
7
8
8
25
26
27
27
27
27
27
27
30
31
8
8
10
7
8
8
25
26
27
27
27
27
27
27
30
31
8
8
10
7
8
8
25
26
27
27
27
27
27
27
30
31
8
8
10
7
9
9
33
26
27
27
27
27
27
27
30
34
9
9
10
35
12
13
36
37
27
27
27
27
27
27
38
39
13
16
40
41
19
20
42
43
27
27
27
27
27
27
44
45
20
23
46
47
26
27
27
27
27
27
27
27
27
27
27
27
27
30
48
47
26
27
27
27
27
27
27
27
27
27
27
27
27
30
48
47
26
27
27
27
27
27
27
27
27
27
27
27
27
30
48
47
26
27
27
27
27
27
27
27
27
27
27
27
27
30
48
47
26
27
27
27
27
27
27
27
27
27
27
27
27
30
48
47
26
27
27
27
27
27
27
27
27
27
27
27
27
30
48
47
26
27
27
27
27
27
27
27
27
27
27
27
27
30
48
47
26
27
27
27
27
27
27
27
27
27
27
27
27
30
48
47
26
27
27
27
27
27
27
27
27
27
27
27
27
30
48
49
26
27
27
27
27
27
27
27
27
27
27
27
27
30
48
50
51
27
27
27
27
27
27
27
27
27
27
27
27
30
48
52
53
54
54
54
54
54
54
54
54
54
54
54
54
55
48
56
57
58
58
58
58
58
58
58
58
58
58
58
58
59
60