-5	160	27	13	27	351
1
1
1
1
1
1
1
1
1
1
1
1
1
1
1
1
1
1
1
1
1
1
1
1
1
1
2
3
4
1
1
1
1
1
1
1
1
1
1
1
1
1
1
1
1
1
1
1
1
1
1
1
1
5
6
7
1
1
1
1
1
1
1
1
1
1
1
1
1
1
1
1
1
1
1
1
1
1
1
1
1
1
1
1
1
1
1
1
1
1
1
1
1
1
1
1
1
1
1
1
8
1
1
1
1
1
1
9
10
11
1
1
1
1
1
1
1
1
1
1
1
1
1
1
1
1
1
1
12
13
14
15
16
17
18
19
1
1
20
21
22
22
22
22
22
22
22
22
22
22
22
22
22
22
22
22
22
22
22
22
1
1
1
23
1
1
1
1
1
1
1
1
24
23
1
1
1
1
1
1
1
5
25
7
1
1
1
26
1
1
1
1
8
1
1
1
1
1
1
1
1
1
1
1
1
1
1
1
1
1
1
1
1
1
27
1
1
1
1
23
1
1
1
1
1
1
1
1
1
1
1
1
1
1
1
1
1
1
1
1
1
1
1
1
1
1
1
1
1
1
1
1
1
1
1
1
1
23
1
9
28
11
1
1
1
1
1
1
29
1
1
1
1
1
1
1
1
1
1
1
1
1
1
1
1
1
1
1
1
26
30
31
32
33
26
1
1
1
20
21
22
22
22
22
22
22
22
22
22
22
22
22
22
22
22
22
22
22
22
22
1
1
2
34
19
1
1
1
1
1
1
9
35
36
19
1
1
1
1
1
1
1
27
1
1
1
1
1
1
1
1
9
28
11
1
1
1
1
1
1
1
1
1
1
1
1
1
1
1
1
1
1
1
23
1
1
1
1
2
34
19
1
1
1
1
1
1
1
1
1
1
1
1
1
1
1
1
1
1
1
1
1
1
1
1
1
1
1
1
23
1
1
1
1
1
1
2
34
19
1
29
1
1
23
1
1
1
1
1
1
1
1
1
1
1
1
1
1
1
1
1
1
1
1
1
1
1
1
8
1
37
38
39
40
1
1
1
1
20
21
22
22
22
22
22
22
22
22
22
22
22
22
22
22
22
22
22
22
22
22
1
1
1
26
1
1
1
1
1
1
1
1
29
26
1
1
1
1
1
1
1
1
1
1
1
1
1
1
1
1
1
1
29
1
1
1
1
1
1
1
1
1
1
1
1
5
25
7
1
5
25
7
2
34
19
1
1
1
1
26
1
1
1
1
1
1
1
1
1
1
1
1
1
1
1
1
1
1
1
1
1
1
1
1
1
1
1
1
2
34
19
1
1
5
25
7
1
26
1
1
1
1
2
34
19
1
1
1
1
1
1
1
1
1
1
1
1
1
1
1
1
1
1
23
1
1
1
9
28
11
37
38
39
40
1
1
1
1
20
21
22
22
22
22
22
22
22
22
22
22
22
22
22
22
22
22
22
22
22
22
1
1
1
1
1
5
25
7
1
1
1
1
1
1
1
1
1
1
1
1
1
1
1
1
1
1
1
1
1
1
1
1
1
1
1
1
1
1
1
1
1
1
1
1
1
1
27
1
1
1
27
1
1
26
1
1
1
1
1
1
1
1
1
1
1
1
1
1
1
1
1
1
1
1
1
1
1
1
1
1
1
1
1
1
1
1
1
1
1
26
1
1
1
1
27
1
1
1
1
1
1
1
1
26
1
1
1
1
1
1
1
1
1
1
1
1
1
1
1
1
1
1
2
34
19
1
1
1
29
1
37
41
42
43
25
7
1
1
20
21
22
22
22
22
22
22
22
22
22
22
22
22
22
22
22
22
22
22
22
22
1
1
1
1
1
1
27
1
1
1
1
1
1
1
1
1
1
1
1
1
1
1
1
1
1
23
1
1
1
1
1
1
1
1
1
1
1
1
1
1
1
1
1
1
8
1
1
1
1
1
1
1
1
1
1
1
1
1
1
1
1
1
1
1
8
1
1
1
1
1
1
1
1
1
1
1
1
1
1
1
1
1
1
1
1
1
1
1
1
1
1
1
1
23
1
1
1
1
1
1
1
1
1
1
1
1
1
1
8
1
1
1
1
1
1
1
1
1
1
1
1
1
1
26
1
1
1
1
1
1
44
45
46
47
27
1
1
1
20
21
22
22
22
22
22
22
22
22
22
22
22
22
22
22
22
22
22
22
22
22
1
1
1
1
1
1
1
1
1
1
1
1
1
1
1
1
1
1
1
1
1
1
1
1
2
48
49
7
1
1
1
1
1
1
1
1
1
1
1
1
1
1
1
9
28
11
1
1
1
1
1
1
1
1
1
1
1
1
1
1
1
1
1
9
28
11
1
1
1
1
1
1
1
1
1
1
1
1
1
1
1
1
1
1
1
1
1
1
1
1
1
1
2
34
19
1
1
23
1
1
1
1
1
1
1
1
1
9
28
11
1
1
1
1
1
1
1
5
25
7
1
1
1
1
1
1
1
1
1
1
1
50
50
1
1
1
1
1
20
21
22
22
22
22
22
22
22
22
22
22
22
22
22
22
22
22
22
22
22
22
1
1
1
1
1
1
1
1
1
1
1
1
1
23
1
1
1
1
1
1
1
1
1
1
1
29
27
1
1
1
1
1
1
1
1
1
1
1
1
1
1
1
1
1
29
1
1
1
1
1
1
1
1
1
1
1
1
1
1
1
1
1
1
1
29
1
1
1
1
1
1
1
1
1
1
1
1
1
1
1
1
1
1
1
1
1
1
1
1
1
1
1
1
26
1
1
2
34
19
1
1
23
1
1
1
1
1
23
29
1
1
1
1
1
1
1
1
1
27
1
1
1
1
1
1
1
1
1
1
1
1
1
1
1
1
1
1
1
20
21
22
22
22
22
22
22
22
22
22
22
22
22
22
22
22
22
22
22
22
22
1
23
1
1
1
1
1
1
1
1
1
1
2
34
19
1
1
1
1
1
1
1
1
1
1
1
1
1
1
1
1
1
1
1
1
1
1
1
1
1
1
1
1
1
1
1
1
1
1
1
1
1
1
1
1
1
1
1
1
1
1
1
1
1
1
1
1
1
1
1
1
1
1
1
1
1
1
1
1
1
1
1
1
1
1
1
1
1
1
1
1
1
1
1
1
1
1
26
1
1
2
34
19
1
1
1
2
34
19
1
1
1
1
1
1
1
1
23
1
1
1
1
1
1
1
1
1
1
1
1
1
1
1
1
1
1
1
1
20
21
22
22
22
22
22
22
22
22
22
22
22
22
22
22
22
22
22
22
22
22
2
34
19
1
1
1
1
1
1
1
1
1
1
26
1
1
1
1
1
1
1
1
1
1
1
1
1
1
1
1
1
1
1
1
1
1
1
1
1
1
1
1
1
1
1
1
1
1
1
1
1
1
1
1
1
1
1
1
1
1
1
1
1
1
1
1
1
1
1
1
1
1
1
1
1
1
1
1
1
1
1
1
1
1
1
1
1
1
1
1
1
1
1
1
1
1
1
1
1
1
1
26
1
1
1
1
1
26
1
1
1
1
1
1
1
1
2
34
19
1
1
1
1
1
1
1
1
1
1
1
1
1
1
1
1
1
1
1
20
21
22
22
22
22
22
22
22
22
22
22
22
22
22
22
22
22
22
22
22
22
1
26
1
1
1
1
1
1
1
1
1
1
1
1
1
1
1
1
1
1
1
1
1
1
1
1
1
1
1
1
1
1
1
1
1
1
1
1
1
1
1
1
1
1
1
1
1
1
1
1
1
1
1
1
1
1
1
1
1
1
1
1
1
1
1
1
1
1
1
1
1
1
1
1
1
1
1
1
1
1
1
1
1
1
1
1
1
1
1
1
1
1
1
1
1
1
1
1
1
1
1
1
1
1
1
1
1
1
1
1
1
1
1
1
1
1
1
26
1
1
1
1
1
1
1
1
1
1
1
1
1
1
1
1
1
1
1
1
20
21
22
22
22
22
22
22
22
22
22
22
22
22
22
22
22
22
22
22
22
22
1
1
1
1
1
1
1
1
1
1
1
1
1
1
1
1
1
1
1
1
1
1
1
1
1
1
1
1
1
1
1
1
1
1
1
1
1
1
1
1
1
1
1
1
1
1
1
1
1
1
1
1
1
1
1
1
1
1
1
1
1
1
1
1
1
1
1
1
1
1
1
1
1
1
1
1
1
1
1
1
1
1
1
1
1
1
1
1
1
1
1
1
1
1
1
1
1
1
1
1
1
1
1
1
1
1
1
1
1
1
1
1
1
1
1
1
1
1
1
1
1
1
1
1
1
1
1
1
1
1
1
1
1
1
1
1
1
1
20
21
22
22
22
22
22
22
22
22
22
22
22
22
22
22
22
22
22
22
22
22
1
1
1
1
1
1
1
1
1
1
1
1
1
1
1
1
1
1
1
1
1
1
1
1
1
1
1
1
1
1
1
1
1
1
1
1
1
1
1
1
1
1
1
1
1
1
1
1
1
1
1
1
1
1
1
1
1
1
1
1
1
1
1
1
1
1
1
1
1
1
1
1
1
1
1
1
1
1
1
1
1
1
1
1
1
1
1
1
1
1
1
1
1
1
1
1
1
1
1
1
1
1
1
1
1
1
1
1
1
1
1
1
1
1
1
1
1
1
1
1
1
1
1
1
1
1
1
1
1
1
1
1
1
1
1
1
1
1
20
21
22
22
22
22
22
22
22
22
22
22
22
22
22
22
22
22
22
22
22
22
1
1
1
1
1
1
1
1
1
1
1
1
1
1
1
1
1
1
1
1
1
1
1
1
1
1
1
1
1
1
1
1
1
1
1
1
1
1
1
1
1
1
1
1
1
1
1
1
1
1
1
1
1
1
1
1
1
1
1
1
1
1
1
1
1
1
1
1
1
1
1
1
1
1
1
1
1
1
1
1
1
1
1
1
1
1
1
1
1
1
1
1
1
1
1
1
1
1
1
1
1
1
1
1
1
1
1
1
1
1
1
1
1
1
1
1
1
1
1
1
1
1
1
1
1
1
1
1
1
1
1
1
1
1
1
1
1
1
20
21
22
22
22
22
22
22
22
22
22
22
22
22
22
22
22
22
22
22
22
22
1
1
1
1
1
1
1
1
1
1
1
1
1
1
1
1
1
1
1
1
1
1
1
1
1
1
1
1
1
1
1
1
1
1
1
1
1
1
1
1
1
1
1
1
1
1
1
1
1
1
1
1
1
1
1
1
1
1
1
1
1
1
1
1
1
1
1
1
1
1
1
1
1
1
1
1
1
1
1
1
1
1
1
1
1
1
1
1
1
1
1
1
1
1
1
1
1
1
1
1
1
1
1
1
1
1
1
1
1
1
1
1
1
1
1
1
1
1
1
1
1
1
1
1
1
1
1
1
1
1
1
1
1
1
1
1
1
1
20
21
22
22
22
22
22
22
22
22
22
22
22
22
22
22
22
22
22
22
22
22
1
1
1
1
1
1
1
1
1
1
1
1
1
1
1
1
1
1
1
1
1
1
1
1
1
1
1
1
51
1
1
1
1
1
1
1
1
1
1
1
1
1
1
1
1
1
1
1
1
1
1
1
1
1
1
1
1
1
1
1
1
1
1
1
1
1
1
1
1
1
1
1
1
1
1
1
1
1
1
1
1
1
1
1
1
1
1
1
1
1
1
1
1
1
1
1
1
1
1
1
1
1
1
1
1
1
1
1
1
1
1
1
1
1
1
1
1
1
1
1
1
1
1
1
1
1
1
1
1
1
1
1
1
1
1
1
1
1
20
21
22
22
22
22
22
22
22
22
22
22
22
22
22
22
22
22
22
22
22
22
1
1
1
1
1
1
1
1
1
1
1
1
1
1
1
1
1
1
1
1
1
1
1
1
1
1
1
52
53
54
1
1
1
1
1
1
1
1
1
1
1
1
1
1
1
1
1
1
1
1
1
1
1
51
1
1
1
1
1
1
1
1
1
1
1
1
1
1
51
51
51
1
1
1
1
1
1
1
1
1
1
1
1
1
1
1
1
1
1
1
1
1
1
1
1
1
1
1
55
55
55
55
1
1
1
1
1
1
1
1
1
1
1
1
1
1
1
1
1
1
1
1
1
1
1
1
1
1
1
1
1
1
1
1
1
1
1
1
20
21
22
22
22
22
22
22
22
22
22
22
22
22
22
22
22
22
22
22
22
22
1
1
1
1
1
1
1
1
1
1
1
1
1
1
1
1
1
1
1
1
1
1
1
56
57
1
1
58
59
60
1
1
1
1
1
1
1
1
1
1
1
1
1
56
57
1
1
1
1
1
1
1
52
53
54
1
1
1
1
1
1
1
1
1
1
1
1
52
61
62
63
54
1
1
1
1
1
1
1
1
1
1
1
1
1
1
1
56
57
1
1
1
1
1
1
1
1
64
65
66
66
67
68
1
1
1
1
1
1
1
1
1
1
1
1
1
1
1
1
1
1
69
70
70
70
1
1
1
1
1
1
1
1
56
57
1
1
1
20
21
22
22
22
22
22
22
22
22
22
22
22
22
22
22
22
22
22
22
22
22
1
1
1
1
1
1
1
1
1
1
1
1
1
1
1
1
1
1
1
1
1
1
1
71
72
73
1
1
1
1
1
1
1
1
1
1
1
1
1
1
1
1
1
71
72
73
1
1
1
1
1
1
58
59
60
1
1
1
1
1
1
1
1
1
1
1
1
58
74
75
76
60
1
1
1
1
1
1
1
1
1
1
1
1
1
1
1
71
72
73
1
1
51
51
1
1
1
77
78
79
79
80
81
1
1
1
1
1
69
70
70
70
1
1
1
1
1
1
1
1
82
83
84
84
85
86
1
1
1
1
1
1
1
71
72
73
1
1
20
21
22
22
22
22
22
22
22
22
22
22
22
22
22
22
22
22
22
22
22
22
1
1
1
1
1
1
1
1
51
51
1
1
1
1
1
1
1
1
1
1
1
1
87
88
89
90
1
1
1
1
1
1
1
1
1
1
1
1
1
1
1
1
87
88
89
90
1
1
1
1
1
1
1
1
1
1
1
51
51
1
1
1
1
1
1
1
1
1
1
1
1
1
1
1
1
1
1
1
1
1
1
1
1
1
1
1
87
88
89
90
1
52
61
63
54
1
1
1
91
92
92
93
94
1
1
1
1
82
83
95
95
96
97
1
1
1
98
99
99
100
101
102
103
103
104
105
1
1
1
1
1
1
87
88
89
90
1
1
20
21
22
22
22
22
22
22
22
22
22
22
22
22
22
22
22
22
22
22
22
22
1
1
1
1
1
1
1
52
61
63
54
1
1
1
69
70
70
70
1
1
1
1
106
107
108
109
110
1
1
1
1
1
111
1
1
1
1
98
98
98
98
1
106
107
108
109
110
1
1
1
1
1
1
1
1
1
52
61
63
54
1
1
1
1
1
1
1
1
1
1
1
1
1
1
1
1
1
1
1
1
1
1
1
1
1
1
106
107
108
109
110
58
74
76
60
1
1
1
1
1
1
1
1
112
112
112
113
82
114
115
116
117
118
1
1
119
120
121
122
123
124
125
103
103
126
105
1
1
1
1
1
1
106
107
108
109
110
1
20
21
22
22
22
22
22
22
127
128
22
22
22
22
22
22
22
22
22
22
22
22
1
1
1
1
1
1
1
58
74
76
60
1
1
82
83
95
95
96
97
1
1
129
130
131
132
133
110
1
1
1
1
134
1
1
1
1
1
1
1
1
1
135
130
131
136
137
138
139
139
1
1
1
140
1
1
1
58
74
76
60
1
1
1
1
1
1
1
1
140
1
1
56
57
1
1
1
140
1
1
1
1
1
1
1
1
129
130
131
132
133
110
1
1
1
1
1
1
1
1
1
1
1
134
141
142
142
143
144
145
146
147
148
149
55
55
119
150
151
152
153
154
102
103
103
126
105
1
1
1
1
1
129
130
131
132
133
110
1
20
21
22
22
22
22
22
22
155
156
22
22
22
22
22
22
22
22
22
22
22
22
1
1
1
1
1
1
1
1
1
1
1
1
1
82
114
115
116
117
118
1
1
157
158
159
160
133
110
1
1
1
1
161
1
1
1
1
1
1
1
1
1
162
158
159
163
164
165
166
167
168
1
169
170
168
1
56
57
1
1
1
140
1
1
1
1
1
1
169
170
168
129
171
172
173
57
169
170
174
1
1
1
1
1
1
1
157
158
159
160
133
110
1
1
1
1
1
1
98
99
99
99
100
134
175
176
177
178
179
1
64
65
66
180
66
67
181
182
183
183
184
185
186
103
103
126
105
1
1
1
56
187
157
158
159
160
133
110
1
20
21
22
22
22
22
22
22
155
127
128
22
22
22
22
22
22
22
22
22
22
22
1
1
1
1
1
1
1
1
1
1
1
98
99
188
189
146
190
191
94
1
87
192
193
194
160
195
196
1
1
1
1
161
1
1
1
1
1
1
1
1
1
197
193
194
160
198
199
200
201
1
1
202
203
204
1
71
72
73
1
169
170
168
1
1
1
1
1
202
203
205
157
206
207
208
172
209
210
211
73
1
1
1
1
1
87
192
193
194
160
195
196
1
1
1
1
1
119
120
121
212
122
123
213
214
215
215
216
217
1
77
78
79
79
79
80
81
1
1
1
1
82
102
103
103
126
105
1
1
1
71
218
219
193
194
160
195
196
1
20
21
22
22
22
22
22
22
155
22
156
22
22
22
22
22
22
22
22
127
128
22
1
1
1
1
220
220
220
220
1
1
119
120
121
122
221
222
1
1
1
1
87
223
194
194
224
225
90
1
1
220
220
161
1
1
1
1
1
1
1
1
1
226
194
194
224
225
90
1
1
1
1
202
203
204
227
228
89
90
229
202
203
204
1
1
220
220
220
202
203
230
88
231
232
233
109
234
235
236
90
1
1
1
1
1
87
223
194
194
224
225
90
1
1
1
1
1
119
150
151
237
152
153
238
239
220
220
220
220
220
1
91
92
92
92
93
94
220
220
1
1
82
102
103
103
240
105
1
1
227
228
241
242
243
194
224
225
90
1
20
21
22
22
22
22
22
22
155
22
127
128
22
22
22
22
22
22
22
155
156
22
98
244
244
245
246
247
247
248
249
244
250
251
252
252
253
254
244
244
244
244
255
256
257
258
259
260
261
262
245
246
248
263
1
1
1
1
1
1
1
1
1
264
257
258
259
260
261
262
244
244
244
265
266
267
268
269
270
271
272
273
266
274
244
245
246
247
248
273
266
275
256
276
277
278
279
280
281
282
261
283
1
98
244
244
255
256
257
258
259
260
261
283
1
98
244
244
98
284
285
285
285
286
287
288
247
247
247
247
248
249
244
244
244
244
244
245
246
248
249
244
289
290
291
292
293
294
244
99
268
269
295
277
258
258
259
260
261
262
296
297
298
299
299
299
299
300
301
299
299
302
299
299
299
299
299
299
300
301
302
303
304
305
306
306
307
308
308
308
306
306
309
310
311
311
312
313
306
306
306
306
306
314
315
315
315
315
316
306
306
307
308
309
317
318
319
320
306
309
317
318
319
314
315
315
315
315
316
306
306
306
306
309
321
322
323
324
325
316
326
309
321
327
306
306
307
308
308
309
321
327
314
315
315
315
316
328
329
330
331
332
333
334
305
306
306
314
315
315
315
315
331
332
333
334
305
306
306
335
336
336
336
336
337
307
308
308
308
308
308
306
306
306
306
306
306
306
307
308
306
306
309
338
339
339
340
341
306
309
323
324
325
315
315
315
315
315
316
306
309
342
343
343
343
343
343
343
343
343
343
343
343
343
343
343
343
343
343
343
344
345