-100	14	16	6	11	66
1
1
1
1
1
1
1
1
1
1
1
1
1
1
1
1
2
3
3
3
3
3
3
3
3
3
3
3
3
3
3
4
5
6
6
6
7
8
9
8
10
8
11
8
9
6
6
12
5
13
13
13
14
13
15
13
14
13
16
13
17
13
13
12
5
18
19
18
20
13
13
13
21
18
22
18
23
13
13
12
5
13
6
13
24
13
13
13
17
13
16
13
25
13
13
12
5
13
13
13
26
18
27
18
28
13
13
29
30
31
13
12
5
13
13
13
17
13
6
13
6
32
33
34
35
36
13
12
5
13
13
37
21
37
38
18
39
40
41
18
42
43
13
12
5
13
37
44
17
44
45
13
17
46
15
13
6
43
13
12
5
13
44
44
47
48
49
18
50
51
33
33
33
52
13
12
53
54
55
55
56
54
57
54
56
58
59
59
59
54
54
60
1
1
1
1
1
1
1
1
1
1
1
1
1
1
1
1
1
1
1
1
1
1
1
1
1
1
1
1
1
1
1
61
